idx iface acct_tag_hex uid_tag_int cnt_set rx_bytes rx_packets tx_bytes tx_packets rx_tcp_bytes rx_tcp_packets rx_udp_bytes rx_udp_packets rx_other_bytes rx_other_packets tx_tcp_bytes tx_tcp_packets tx_udp_bytes tx_udp_packets tx_other_bytes tx_other_packets
2 wlan0 0x0 0 0 6326358 55196 193404 3825 437517 1175 5876385 53861 12456 160 125040 2950 31050 491 37314 384
3 wlan0 0x0 0 1 0 0 0 0 0 0 0 0 0 0 0 0 0 0 0 0
4 wlan0 0x0 1000 0 843977 1025 211243 1273 843901 1024 76 1 0 0 189289 1014 618 5 21336 254
5 wlan0 0x0 1000 1 0 0 0 0 0 0 0 0 0 0 0 0 0 0 0 0
6 wlan0 0x0 1014 0 2352 7 2296 7 0 0 2352 7 0 0 0 0 2296 7 0 0
7 wlan0 0x0 1014 1 0 0 0 0 0 0 0 0 0 0 0 0 0 0 0 0
8 wlan0 0x0 2000 0 0 0 1512 18 0 0 0 0 0 0 0 0 0 0 1512 18
9 wlan0 0x0 2000 1 0 0 0 0 0 0 0 0 0 0 0 0 0 0 0 0
10 wlan0 0x0 10001 0 75851 261 79991 344 75851 261 0 0 0 0 79991 344 0 0 0 0
11 wlan0 0x0 10001 1 0 0 0 0 0 0 0 0 0 0 0 0 0 0 0 0
12 wlan0 0x0 10002 0 738 7 1664 11 738 7 0 0 0 0 1664 11 0 0 0 0
13 wlan0 0x0 10002 1 0 0 0 0 0 0 0 0 0 0 0 0 0 0 0 0
14 wlan0 0x0 10004 0 88879 106 12235 127 88879 106 0 0 0 0 12235 127 0 0 0 0
15 wlan0 0x0 10004 1 0 0 0 0 0 0 0 0 0 0 0 0 0 0 0 0
16 wlan0 0x0 10007 0 48992 134 31718 182 48992 134 0 0 0 0 31718 182 0 0 0 0
17 wlan0 0x0 10007 1 0 0 0 0 0 0 0 0 0 0 0 0 0 0 0 0
18 wlan0 0x0 10009 0 100093 191 36446 247 100093 191 0 0 0 0 36446 247 0 0 0 0
19 wlan0 0x0 10009 1 0 0 0 0 0 0 0 0 0 0 0 0 0 0 0 0
20 wlan0 0x0 10014 0 9202 28 9241 44 9202 28 0 0 0 0 9241 44 0 0 0 0
21 wlan0 0x0 10014 1 11671 31 14048 45 11671 31 0 0 0 0 14048 45 0 0 0 0
22 wlan0 0x0 10019 0 39979 61 8920 74 39979 61 0 0 0 0 8920 74 0 0 0 0
23 wlan0 0x0 10019 1 0 0 0 0 0 0 0 0 0 0 0 0 0 0 0 0
24 wlan0 0x0 10024 0 98148 94 14209 109 98148 94 0 0 0 0 14209 109 0 0 0 0
25 wlan0 0x0 10024 1 0 0 0 0 0 0 0 0 0 0 0 0 0 0 0 0
26 wlan0 0x0 10027 0 19070 36 6868 49 19070 36 0 0 0 0 6868 49 0 0 0 0
27 wlan0 0x0 10027 1 0 0 0 0 0 0 0 0 0 0 0 0 0 0 0 0
28 wlan0 0x0 10030 0 5864 39 11470 82 5864 39 0 0 0 0 11470 82 0 0 0 0
29 wlan0 0x0 10030 1 23917 110 38864 196 23917 110 0 0 0 0 38864 196 0 0 0 0
30 wlan0 0x0 10031 0 50629 44 3290 49 50629 44 0 0 0 0 3290 49 0 0 0 0
31 wlan0 0x0 10031 1 0 0 0 0 0 0 0 0 0 0 0 0 0 0 0 0
32 wlan0 0x0 10035 0 2700 22 5572 27 2700 22 0 0 0 0 5572 27 0 0 0 0
33 wlan0 0x0 10035 1 0 0 0 0 0 0 0 0 0 0 0 0 0 0 0 0
34 wlan0 0x0 10037 0 1130 4 1168 6 1130 4 0 0 0 0 1168 6 0 0 0 0
35 wlan0 0x0 10037 1 0 0 0 0 0 0 0 0 0 0 0 0 0 0 0 0
36 wlan0 0x0 10038 0 66340060 44506 2457812 41661 66340060 44506 0 0 0 0 2457812 41661 0 0 0 0
37 wlan0 0x0 10038 1 0 0 0 0 0 0 0 0 0 0 0 0 0 0 0 0
38 wlan0 0x0 10039 0 0 0 0 0 0 0 0 0 0 0 0 0 0 0 0 0
39 wlan0 0x0 10039 1 6405 20 2572 29 6405 20 0 0 0 0 2572 29 0 0 0 0
40 wlan0 0x0 10045 0 5719 24 4431 27 5719 24 0 0 0 0 4431 27 0 0 0 0
41 wlan0 0x0 10045 1 0 0 0 0 0 0 0 0 0 0 0 0 0 0 0 0
42 wlan0 0x0 10048 0 782 5 411 6 782 5 0 0 0 0 411 6 0 0 0 0
43 wlan0 0x0 10048 1 0 0 0 0 0 0 0 0 0 0 0 0 0 0 0 0
44 wlan0 0x0 10049 0 23724 45 11499 63 23724 45 0 0 0 0 11499 63 0 0 0 0
45 wlan0 0x0 10049 1 0 0 0 0 0 0 0 0 0 0 0 0 0 0 0 0
46 wlan0 0x0 10059 0 11778 43 6928 48 11778 43 0 0 0 0 6928 48 0 0 0 0
47 wlan0 0x0 10059 1 0 0 0 0 0 0 0 0 0 0 0 0 0 0 0 0
48 wlan0 0x0 10060 0 21705 88 10132 147 21705 88 0 0 0 0 9622 132 510 15 0 0
49 wlan0 0x0 10060 1 0 0 0 0 0 0 0 0 0 0 0 0 0 0 0 0
50 wlan0 0x0 10067 0 364 3 424 5 364 3 0 0 0 0 424 5 0 0 0 0
51 wlan0 0x0 10067 1 0 0 0 0 0 0 0 0 0 0 0 0 0 0 0 0
52 wlan0 0x0 10072 0 167793 239 39712 305 167793 239 0 0 0 0 39712 305 0 0 0 0
53 wlan0 0x0 10072 1 0 0 0 0 0 0 0 0 0 0 0 0 0 0 0 0
54 wlan0 0x0 10079 0 11745 65 12178 93 11745 65 0 0 0 0 12178 93 0 0 0 0
55 wlan0 0x0 10079 1 0 0 0 0 0 0 0 0 0 0 0 0 0 0 0 0
56 wlan0 0x0 10088 0 111897 452 51195 594 111897 452 0 0 0 0 51195 594 0 0 0 0
57 wlan0 0x0 10088 1 0 0 0 0 0 0 0 0 0 0 0 0 0 0 0 0
58 wlan0 0x0 10095 0 2971158 2897 373340 2890 2971158 2897 0 0 0 0 373340 2890 0 0 0 0
59 wlan0 0x0 10095 1 296670 425 73953 489 296670 425 0 0 0 0 73953 489 0 0 0 0
60 wlan0 0x0 10097 0 25897 144 19437 255 25897 144 0 0 0 0 19437 255 0 0 0 0
61 wlan0 0x0 10097 1 0 0 0 0 0 0 0 0 0 0 0 0 0 0 0 0
62 wlan0 0x0 10174 0 1610320 1683 187854 1483 1610320 1683 0 0 0 0 187854 1483 0 0 0 0
63 wlan0 0x0 10174 1 10198401 7749 599286 6450 10198401 7749 0 0 0 0 599286 6450 0 0 0 0
64 wlan0 0xa00400000000 10001 0 50068 126 34749 153 50068 126 0 0 0 0 34749 153 0 0 0 0
65 wlan0 0xa00400000000 10001 1 0 0 0 0 0 0 0 0 0 0 0 0 0 0 0 0
66 wlan0 0xa00400000000 10009 0 15950 28 8619 32 15950 28 0 0 0 0 8619 32 0 0 0 0
67 wlan0 0xa00400000000 10009 1 0 0 0 0 0 0 0 0 0 0 0 0 0 0 0 0
68 wlan0 0xa00500000000 10009 0 1085 7 1114 9 1085 7 0 0 0 0 1114 9 0 0 0 0
69 wlan0 0xa00500000000 10009 1 0 0 0 0 0 0 0 0 0 0 0 0 0 0 0 0
70 wlan0 0x3be6375f00000000 10038 0 15981 54 14047 72 15981 54 0 0 0 0 14047 72 0 0 0 0
71 wlan0 0x3be6375f00000000 10038 1 0 0 0 0 0 0 0 0 0 0 0 0 0 0 0 0
72 wlan0 0x3f6c1df400000000 10095 0 494 4 525 5 494 4 0 0 0 0 525 5 0 0 0 0
73 wlan0 0x3f6c1df400000000 10095 1 442 3 526 5 442 3 0 0 0 0 526 5 0 0 0 0
74 wlan0 0x6138a34000000000 1000 0 15687 15 1544 13 15687 15 0 0 0 0 1544 13 0 0 0 0
75 wlan0 0x6138a34000000000 1000 1 0 0 0 0 0 0 0 0 0 0 0 0 0 0 0 0
76 wlan0 0x61d5c4f800000000 1000 0 3993 7 1259 9 3993 7 0 0 0 0 1259 9 0 0 0 0
77 wlan0 0x61d5c4f800000000 1000 1 0 0 0 0 0 0 0 0 0 0 0 0 0 0 0 0
78 wlan0 0x65ee8f9e00000000 10007 0 8018 16 2310 19 8018 16 0 0 0 0 2310 19 0 0 0 0
79 wlan0 0x65ee8f9e00000000 10007 1 0 0 0 0 0 0 0 0 0 0 0 0 0 0 0 0
80 wlan0 0x65ee8f9e00000000 10027 0 11162 21 2811 25 11162 21 0 0 0 0 2811 25 0 0 0 0
81 wlan0 0x65ee8f9e00000000 10027 1 0 0 0 0 0 0 0 0 0 0 0 0 0 0 0 0
82 wlan0 0xa86c8d9100000000 10009 0 28197 34 3530 25 28197 34 0 0 0 0 3530 25 0 0 0 0
83 wlan0 0xa86c8d9100000000 10009 1 0 0 0 0 0 0 0 0 0 0 0 0 0 0 0 0
84 wlan0 0xbb1dfe4100000000 10174 0 7671 29 7045 32 7671 29 0 0 0 0 7045 32 0 0 0 0
85 wlan0 0xbb1dfe4100000000 10174 1 46157 68 15759 78 46157 68 0 0 0 0 15759 78 0 0 0 0
86 wlan0 0xcc68510400000000 10174 0 2705 21 5574 28 2705 21 0 0 0 0 5574 28 0 0 0 0
87 wlan0 0xcc68510400000000 10174 1 3092 24 6369 32 3092 24 0 0 0 0 6369 32 0 0 0 0
88 wlan0 0xdfa644ef00000000 10174 0 340618 390 63400 426 340618 390 0 0 0 0 63400 426 0 0 0 0
89 wlan0 0xdfa644ef00000000 10174 1 327450 401 66452 426 327450 401 0 0 0 0 66452 426 0 0 0 0
90 wlan0 0xfbd4c44c00000000 10174 0 0 0 0 0 0 0 0 0 0 0 0 0 0 0 0 0
91 wlan0 0xfbd4c44c00000000 10174 1 6856 10 1214 14 6856 10 0 0 0 0 1214 14 0 0 0 0
92 p2p0 0x0 0 0 0 0 140 2 0 0 0 0 0 0 0 0 0 0 140 2
93 p2p0 0x0 0 1 0 0 0 0 0 0 0 0 0 0 0 0 0 0 0 0
94 lo 0x0 0 0 16624 151 16624 151 0 0 248 4 16376 147 0 0 248 4 16376 147
95 lo 0x0 0 1 0 0 0 0 0 0 0 0 0 0 0 0 0 0 0 0

