idx iface acct_tag_hex uid_tag_int cnt_set rx_bytes rx_packets tx_bytes tx_packets rx_tcp_bytes rx_tcp_packets rx_udp_bytes rx_udp_packets rx_other_bytes rx_other_packets tx_tcp_bytes tx_tcp_packets tx_udp_bytes tx_udp_packets tx_other_bytes tx_other_packets
2 wlan0 0x0 0 0 26399887 203041 3088887 66774 893229 8677 25466226 193847 40432 517 2339982 57728 127685 2055 621220 6991
3 wlan0 0x0 0 1 0 0 0 0 0 0 0 0 0 0 0 0 0 0 0 0
4 wlan0 0x0 1000 0 133612711 90454 3499650 71607 133612046 90448 665 6 0 0 3498224 71567 474 6 952 34
5 wlan0 0x0 1000 1 0 0 0 0 0 0 0 0 0 0 0 0 0 0 0 0
6 wlan0 0x0 1014 0 1680 5 1640 5 0 0 1680 5 0 0 0 0 1640 5 0 0
7 wlan0 0x0 1014 1 0 0 0 0 0 0 0 0 0 0 0 0 0 0 0 0
8 wlan0 0x0 10004 0 16121506 23322 31388618 32734 16121506 23322 0 0 0 0 31385615 32725 3003 9 0 0
9 wlan0 0x0 10004 1 6200 48 9623 61 6200 48 0 0 0 0 9623 61 0 0 0 0
10 wlan0 0x0 10010 0 19964301 14678 888501 10775 19964301 14678 0 0 0 0 873045 10591 0 0 15456 184
11 wlan0 0x0 10010 1 342 4 1172 5 342 4 0 0 0 0 1172 5 0 0 0 0
12 wlan0 0x0 10011 0 70748 779 88149 1290 70748 779 0 0 0 0 88149 1290 0 0 0 0
13 wlan0 0x0 10011 1 0 0 0 0 0 0 0 0 0 0 0 0 0 0 0 0
14 wlan0 0x0 10021 0 1407498 965 71869 969 1407498 965 0 0 0 0 71869 969 0 0 0 0
15 wlan0 0x0 10021 1 0 0 0 0 0 0 0 0 0 0 0 0 0 0 0 0
16 wlan0 0x0 10027 0 613 5 424 5 613 5 0 0 0 0 424 5 0 0 0 0
17 wlan0 0x0 10027 1 0 0 0 0 0 0 0 0 0 0 0 0 0 0 0 0
18 wlan0 0x0 10032 0 14178393 9874 516323 8252 14178393 9874 0 0 0 0 516323 8252 0 0 0 0
19 wlan0 0x0 10032 1 5327488 4056 389499 4021 5327488 4056 0 0 0 0 389499 4021 0 0 0 0
20 wlan0 0x0 10035 0 156718 512 157499 906 156718 512 0 0 0 0 157499 906 0 0 0 0
21 wlan0 0x0 10035 1 0 0 0 0 0 0 0 0 0 0 0 0 0 0 0 0
22 wlan0 0x0 10040 0 5587 42 5837 48 5587 42 0 0 0 0 5837 48 0 0 0 0
23 wlan0 0x0 10040 1 19041 149 22673 189 19041 149 0 0 0 0 22673 189 0 0 0 0
24 wlan0 0x0 10044 0 8014 55 7287 82 8014 55 0 0 0 0 7287 82 0 0 0 0
25 wlan0 0x0 10044 1 0 0 0 0 0 0 0 0 0 0 0 0 0 0 0 0
26 wlan0 0x0 10046 0 80 2 200 5 80 2 0 0 0 0 200 5 0 0 0 0
27 wlan0 0x0 10046 1 4820669 3252 115838 1946 4820669 3252 0 0 0 0 115838 1946 0 0 0 0
28 wlan0 0x0 10048 0 619191 685 99163 834 619191 685 0 0 0 0 99163 834 0 0 0 0
29 wlan0 0x0 10048 1 1721350 2164 381361 2674 1721350 2164 0 0 0 0 381361 2674 0 0 0 0
30 wlan0 0x0 10049 0 14541290 10318 422245 6043 14541290 10318 0 0 0 0 422245 6043 0 0 0 0
31 wlan0 0x0 10049 1 0 0 0 0 0 0 0 0 0 0 0 0 0 0 0 0
32 wlan0 0x0 10054 0 6914 24 4125 18 6914 24 0 0 0 0 4125 18 0 0 0 0
33 wlan0 0x0 10054 1 0 0 0 0 0 0 0 0 0 0 0 0 0 0 0 0
34 wlan0 0x0 10072 0 84219 134 29228 227 84219 134 0 0 0 0 29228 227 0 0 0 0
35 wlan0 0x0 10072 1 163220 282 67635 508 163220 282 0 0 0 0 67635 508 0 0 0 0
36 wlan0 0x0 10073 0 638 6 786 10 638 6 0 0 0 0 786 10 0 0 0 0
37 wlan0 0x0 10073 1 0 0 0 0 0 0 0 0 0 0 0 0 0 0 0 0
38 wlan0 0x0 10080 0 10739 14 2418 31 10739 14 0 0 0 0 2418 31 0 0 0 0
39 wlan0 0x0 10080 1 0 0 0 0 0 0 0 0 0 0 0 0 0 0 0 0
40 wlan0 0x0 10093 0 166534 332 84308 575 166534 332 0 0 0 0 84308 575 0 0 0 0
41 wlan0 0x0 10093 1 1370553 1216 162562 1305 1370553 1216 0 0 0 0 162562 1305 0 0 0 0
42 wlan0 0x0 10094 0 285600 556 121464 741 285600 556 0 0 0 0 121464 741 0 0 0 0
43 wlan0 0x0 10094 1 105103 186 36998 210 105103 186 0 0 0 0 36998 210 0 0 0 0
44 wlan0 0x0 10106 0 2844563 4507 718776 5505 2844563 4507 0 0 0 0 701976 5305 0 0 16800 200
45 wlan0 0x0 10106 1 2725026 2519 1058680 2925 2725026 2519 0 0 0 0 1058680 2925 0 0 0 0
46 wlan0 0x0 10111 0 5182423 8190 1376188 9072 5182423 8190 0 0 0 0 1375768 9067 0 0 420 5
47 wlan0 0x0 10111 1 101269141 68656 3075695 43959 101268673 68643 468 13 0 0 3074407 43945 1288 14 0 0
48 wlan0 0x0 10114 0 9747 65 14996 67 8910 61 837 4 0 0 14722 63 274 4 0 0
49 wlan0 0x0 10114 1 8144376 6161 453975 5181 8124687 6090 19689 71 0 0 449190 5107 4785 74 0 0
50 wlan0 0x0 10129 0 2781439 2365 353405 2060 2781439 2365 0 0 0 0 353405 2060 0 0 0 0
51 wlan0 0x0 10129 1 1948217 1490 174701 1218 1948217 1490 0 0 0 0 174701 1218 0 0 0 0
52 wlan0 0x0 10179 0 1230882 1898 678408 2264 1230882 1898 0 0 0 0 678408 2264 0 0 0 0
53 wlan0 0x0 10179 1 55185 107 22632 115 55185 107 0 0 0 0 22632 115 0 0 0 0
54 wlan0 0x0 10197 0 64416335 44880 1419322 27764 64416335 44880 0 0 0 0 1419322 27764 0 0 0 0
55 wlan0 0x0 10197 1 5609097 4028 197233 2941 5609029 4027 68 1 0 0 197177 2940 56 1 0 0
56 wlan0 0x0 10299 0 38180 161 22831 166 38180 161 0 0 0 0 22831 166 0 0 0 0
57 wlan0 0x0 10299 1 10136983 7928 589581 6544 10136983 7928 0 0 0 0 589581 6544 0 0 0 0
58 wlan0 0xa00400000000 10048 0 4708 18 6243 20 4708 18 0 0 0 0 6243 20 0 0 0 0
59 wlan0 0xa00400000000 10048 1 919 3 1250 4 919 3 0 0 0 0 1250 4 0 0 0 0
60 wlan0 0xa00400000000 10197 0 39504 54 11028 62 39504 54 0 0 0 0 11028 62 0 0 0 0
61 wlan0 0xa00400000000 10197 1 1175 8 2427 8 1175 8 0 0 0 0 2427 8 0 0 0 0
62 wlan0 0x186a100000000 10004 0 13685 25 9626 28 13685 25 0 0 0 0 9626 28 0 0 0 0
63 wlan0 0x186a100000000 10004 1 0 0 0 0 0 0 0 0 0 0 0 0 0 0 0 0
64 wlan0 0x158849400000000 10049 0 3714 20 2487 21 3714 20 0 0 0 0 2487 21 0 0 0 0
65 wlan0 0x158849400000000 10049 1 0 0 0 0 0 0 0 0 0 0 0 0 0 0 0 0
66 wlan0 0x3f6c1df400000000 10111 0 1430 12 1384 12 1430 12 0 0 0 0 1384 12 0 0 0 0
67 wlan0 0x3f6c1df400000000 10111 1 984 9 962 9 984 9 0 0 0 0 962 9 0 0 0 0
68 wlan0 0x9e2c140a00000000 10010 0 26173 32 7335 34 26173 32 0 0 0 0 7335 34 0 0 0 0
69 wlan0 0x9e2c140a00000000 10010 1 0 0 0 0 0 0 0 0 0 0 0 0 0 0 0 0
70 wlan0 0xa294689600000000 10032 0 496440 345 12209 221 496440 345 0 0 0 0 12209 221 0 0 0 0
71 wlan0 0xa294689600000000 10032 1 101541 72 2661 43 101541 72 0 0 0 0 2661 43 0 0 0 0
72 wlan0 0xbb1dfe4100000000 10299 0 8926 22 7028 28 8926 22 0 0 0 0 7028 28 0 0 0 0
73 wlan0 0xbb1dfe4100000000 10299 1 389865 645 200151 729 389865 645 0 0 0 0 200151 729 0 0 0 0
74 wlan0 0xc53fd4ae00000000 10049 0 892 8 1024 8 892 8 0 0 0 0 1024 8 0 0 0 0
75 wlan0 0xc53fd4ae00000000 10049 1 0 0 0 0 0 0 0 0 0 0 0 0 0 0 0 0
76 wlan0 0xcc68510400000000 10299 0 1547 12 3916 16 1547 12 0 0 0 0 3916 16 0 0 0 0
77 wlan0 0xcc68510400000000 10299 1 3867 30 9248 40 3867 30 0 0 0 0 9248 40 0 0 0 0
78 wlan0 0xf2a2095c00000000 10010 0 41514 134 31765 149 41514 134 0 0 0 0 31765 149 0 0 0 0
79 wlan0 0xf2a2095c00000000 10010 1 0 0 0 0 0 0 0 0 0 0 0 0 0 0 0 0
80 wlan0 0xf403c2c000000000 10049 0 1524 9 3870 10 1524 9 0 0 0 0 3870 10 0 0 0 0
81 wlan0 0xf403c2c000000000 10049 1 0 0 0 0 0 0 0 0 0 0 0 0 0 0 0 0
82 wlan0 0xf775924700000000 10049 0 9696 23 3036 25 9696 23 0 0 0 0 3036 25 0 0 0 0
83 wlan0 0xf775924700000000 10049 1 0 0 0 0 0 0 0 0 0 0 0 0 0 0 0 0
84 wlan0 0xfbd4c44c00000000 10299 0 0 0 0 0 0 0 0 0 0 0 0 0 0 0 0 0
85 wlan0 0xfbd4c44c00000000 10299 1 74088 112 12624 157 74088 112 0 0 0 0 12624 157 0 0 0 0
86 dummy0 0x0 0 0 0 0 168 3 0 0 0 0 0 0 0 0 0 0 168 3
87 dummy0 0x0 0 1 0 0 0 0 0 0 0 0 0 0 0 0 0 0 0 0
88 lo 0x0 0 0 23347 306 276259 4585 13291 182 4320 64 5736 60 123699 2945 4320 64 148240 1576
89 lo 0x0 0 1 0 0 0 0 0 0 0 0 0 0 0 0 0 0 0 0
90 lo 0x0 2000 0 149482900 96571 149482357 96568 149482900 96571 0 0 0 0 149482357 96568 0 0 0 0
91 lo 0x0 2000 1 0 0 0 0 0 0 0 0 0 0 0 0 0 0 0 0
92 lo 0x0 10002 0 9493 124 13412 127 9493 124 0 0 0 0 13412 127 0 0 0 0
93 lo 0x0 10002 1 0 0 0 0 0 0 0 0 0 0 0 0 0 0 0 0
94 lo 0x0 10114 0 23070 95 23290 99 23070 95 0 0 0 0 23290 99 0 0 0 0
95 lo 0x0 10114 1 8168775 3767 8170119 3776 8168775 3767 0 0 0 0 8170119 3776 0 0 0 0
96 lo 0x0 10179 0 30 1 30 1 0 0 30 1 0 0 0 0 30 1 0 0
97 lo 0x0 10179 1 0 0 0 0 0 0 0 0 0 0 0 0 0 0 0 0

