v1,1514021195,1514107595
xt
c,wifi,-1,all,0
d,3600
b,1514023200,66676,282,31713,224,0
b,1514026800,18686,119,9027,82,0
b,1514030400,84822,245,27049,226,0
b,1514034000,230276,325,32681,311,0
b,1514037600,50859,205,26711,194,0
b,1514041200,41845,184,20255,168,0
b,1514044800,5981,51,8210,64,0
b,1514048400,47614,195,24891,187,0
b,1514052000,35894,159,25153,165,0
b,1514055600,32903,154,18751,142,0
b,1514059200,46007,193,26737,178,0
b,1514062800,57915,231,30437,216,0
b,1514066400,45178,200,21943,171,0
b,1514070000,47807,210,24570,191,0
b,1514073600,81418,217,21762,206,0
b,1514077200,260804,514,51810,495,0
b,1514080800,47035,265,26215,188,0
b,1514084400,44378,215,21190,165,0
b,1514088000,48787,234,25330,188,0
b,1514091600,28906213,38398,10615875,19702,0
b,1514095200,6297412,27300,355395,2910,0
b,1514098800,4717996,27352,559527,3159,0
b,1514102400,12475158,67651,252720,2788,0
[dumpsys: 0.013s elapsed]

