idx iface acct_tag_hex uid_tag_int cnt_set rx_bytes rx_packets tx_bytes tx_packets rx_tcp_bytes rx_tcp_packets rx_udp_bytes rx_udp_packets rx_other_bytes rx_other_packets tx_tcp_bytes tx_tcp_packets tx_udp_bytes tx_udp_packets tx_other_bytes tx_other_packets
2 wlan0 0x0 0 0 6428162 48458 364746 7277 1639370 4049 4769064 44120 19728 289 290857 6189 59821 939 14068 149
3 wlan0 0x0 0 1 0 0 0 0 0 0 0 0 0 0 0 0 0 0 0 0
4 wlan0 0x0 1000 0 338471 490 53015 725 306348 289 32123 201 0 0 35837 475 16226 216 952 34
5 wlan0 0x0 1000 1 0 0 0 0 0 0 0 0 0 0 0 0 0 0 0 0
6 wlan0 0x0 1014 0 2352 7 3248 23 0 0 2352 7 0 0 0 0 2352 7 896 16
7 wlan0 0x0 1014 1 0 0 0 0 0 0 0 0 0 0 0 0 0 0 0 0
8 wlan0 0x0 2000 0 0 0 756 9 0 0 0 0 0 0 0 0 0 0 756 9
9 wlan0 0x0 2000 1 0 0 0 0 0 0 0 0 0 0 0 0 0 0 0 0
10 wlan0 0x0 5011 0 829 5 694 7 829 5 0 0 0 0 694 7 0 0 0 0
11 wlan0 0x0 5011 1 0 0 0 0 0 0 0 0 0 0 0 0 0 0 0 0
12 wlan0 0x0 5012 0 246492 246 67788 263 246492 246 0 0 0 0 67788 263 0 0 0 0
13 wlan0 0x0 5012 1 0 0 0 0 0 0 0 0 0 0 0 0 0 0 0 0
14 wlan0 0x0 10021 0 343209491 229843 8070247 156073 343209491 229843 0 0 0 0 8070147 156072 100 1 0 0
15 wlan0 0x0 10021 1 11245028 8922 1051091 9326 11245028 8922 0 0 0 0 1050991 9325 100 1 0 0
16 wlan0 0x0 10034 0 130765 631 148111 1125 130765 631 0 0 0 0 148111 1125 0 0 0 0
17 wlan0 0x0 10034 1 0 0 0 0 0 0 0 0 0 0 0 0 0 0 0 0
18 wlan0 0x0 10038 0 297155 297 42814 324 297155 297 0 0 0 0 42814 324 0 0 0 0
19 wlan0 0x0 10038 1 0 0 0 0 0 0 0 0 0 0 0 0 0 0 0 0
20 wlan0 0x0 10039 0 14988 27 4559 40 14988 27 0 0 0 0 4559 40 0 0 0 0
21 wlan0 0x0 10039 1 0 0 0 0 0 0 0 0 0 0 0 0 0 0 0 0
22 wlan0 0x0 10059 0 74898 220 49846 286 74898 220 0 0 0 0 49846 286 0 0 0 0
23 wlan0 0x0 10059 1 443694 539 55784 492 443694 539 0 0 0 0 55784 492 0 0 0 0
24 wlan0 0x0 10095 0 432329 2009 384463 3483 427889 1997 4440 12 0 0 380007 3455 4456 28 0 0
25 wlan0 0x0 10095 1 0 0 0 0 0 0 0 0 0 0 0 0 0 0 0 0
26 wlan0 0x0 10112 0 63625 98 18179 137 63625 98 0 0 0 0 18179 137 0 0 0 0
27 wlan0 0x0 10112 1 0 0 0 0 0 0 0 0 0 0 0 0 0 0 0 0
28 wlan0 0x0 10114 0 9004 13 1622 17 9004 13 0 0 0 0 1622 17 0 0 0 0
29 wlan0 0x0 10114 1 0 0 0 0 0 0 0 0 0 0 0 0 0 0 0 0
30 wlan0 0x0 10121 0 11703 91 9849 108 11703 91 0 0 0 0 9849 108 0 0 0 0
31 wlan0 0x0 10121 1 710103 525 37077 513 710103 525 0 0 0 0 37077 513 0 0 0 0
32 wlan0 0x0 10153 0 2008 6 1284 10 2008 6 0 0 0 0 1284 10 0 0 0 0
33 wlan0 0x0 10153 1 0 0 0 0 0 0 0 0 0 0 0 0 0 0 0 0
34 wlan0 0x0 10266 0 58067718 40847 1884186 26923 58067718 40847 0 0 0 0 1884186 26923 0 0 0 0
35 wlan0 0x0 10266 1 0 0 0 0 0 0 0 0 0 0 0 0 0 0 0 0
36 wlan0 0x0 10356 0 2190294 4299 682068 5928 2190294 4299 0 0 0 0 682068 5928 0 0 0 0
37 wlan0 0x0 10356 1 34951983 23623 1019819 16543 34951983 23623 0 0 0 0 1019819 16543 0 0 0 0
38 wlan0 0x0 10406 0 49198605 34302 2497519 26852 49198605 34302 0 0 0 0 2497519 26852 0 0 0 0
39 wlan0 0x0 10406 1 217969 1010 820797 1459 217969 1010 0 0 0 0 820797 1459 0 0 0 0
40 wlan0 0x0 10441 0 13988 33 8238 50 13988 33 0 0 0 0 8238 50 0 0 0 0
41 wlan0 0x0 10441 1 25930223 19972 2230646 16155 25930223 19972 0 0 0 0 2230646 16155 0 0 0 0
42 wlan0 0x2600000000000 10059 0 0 0 0 0 0 0 0 0 0 0 0 0 0 0 0 0
43 wlan0 0x2600000000000 10059 1 12834 30 2544 30 12834 30 0 0 0 0 2544 30 0 0 0 0
44 wlan0 0x26a864b600000000 10038 0 195889 135 8551 131 195889 135 0 0 0 0 8551 131 0 0 0 0
45 wlan0 0x26a864b600000000 10038 1 0 0 0 0 0 0 0 0 0 0 0 0 0 0 0 0
46 wlan0 0x3722474a00000000 10121 0 3328 64 3328 64 3328 64 0 0 0 0 3328 64 0 0 0 0
47 wlan0 0x3722474a00000000 10121 1 568874 385 19616 358 568874 385 0 0 0 0 19616 358 0 0 0 0
48 wlan0 0x3f6c1df400000000 10356 0 988 8 998 9 988 8 0 0 0 0 998 9 0 0 0 0
49 wlan0 0x3f6c1df400000000 10356 1 494 4 525 5 494 4 0 0 0 0 525 5 0 0 0 0
50 wlan0 0x4b02126c00000000 10121 0 0 0 0 0 0 0 0 0 0 0 0 0 0 0 0 0
51 wlan0 0x4b02126c00000000 10121 1 29247 28 1747 21 29247 28 0 0 0 0 1747 21 0 0 0 0
52 wlan0 0x53b0c45700000000 10038 0 21355 34 5533 49 21355 34 0 0 0 0 5533 49 0 0 0 0
53 wlan0 0x53b0c45700000000 10038 1 0 0 0 0 0 0 0 0 0 0 0 0 0 0 0 0
54 wlan0 0xbb1dfe4100000000 10441 0 4463 11 3080 16 4463 11 0 0 0 0 3080 16 0 0 0 0
55 wlan0 0xbb1dfe4100000000 10441 1 438715 869 1043727 1310 438715 869 0 0 0 0 1043727 1310 0 0 0 0
56 wlan0 0xcc68510400000000 10441 0 774 6 1598 8 774 6 0 0 0 0 1598 8 0 0 0 0
57 wlan0 0xcc68510400000000 10441 1 1935 15 3995 20 1935 15 0 0 0 0 3995 20 0 0 0 0
58 wlan0 0xdf10b5b500000000 10121 0 104 2 104 2 104 2 0 0 0 0 104 2 0 0 0 0
59 wlan0 0xdf10b5b500000000 10121 1 750 6 1714 10 750 6 0 0 0 0 1714 10 0 0 0 0
60 wlan0 0xeba9ee5900000000 10038 0 23954 45 23310 58 23954 45 0 0 0 0 23310 58 0 0 0 0
61 wlan0 0xeba9ee5900000000 10038 1 0 0 0 0 0 0 0 0 0 0 0 0 0 0 0 0
62 wlan0 0xf3b8273900000000 5011 0 777 4 590 5 777 4 0 0 0 0 590 5 0 0 0 0
63 wlan0 0xf3b8273900000000 5011 1 0 0 0 0 0 0 0 0 0 0 0 0 0 0 0 0
64 wlan0 0xfbd4c44c00000000 10441 0 0 0 0 0 0 0 0 0 0 0 0 0 0 0 0 0
65 wlan0 0xfbd4c44c00000000 10441 1 74016 111 12476 154 74016 111 0 0 0 0 12476 154 0 0 0 0
66 p2p0 0x0 0 0 0 0 1152 18 0 0 0 0 0 0 0 0 0 0 1152 18
67 p2p0 0x0 0 1 0 0 0 0 0 0 0 0 0 0 0 0 0 0 0 0
68 dummy0 0x0 0 0 0 0 168 3 0 0 0 0 0 0 0 0 0 0 168 3
69 dummy0 0x0 0 1 0 0 0 0 0 0 0 0 0 0 0 0 0 0 0 0
70 lo 0x0 0 0 964116 13747 958732 13733 243664 4597 295832 4568 424620 4582 238280 4583 295832 4568 424620 4582
71 lo 0x0 0 1 0 0 0 0 0 0 0 0 0 0 0 0 0 0 0 0
72 lo 0x0 2000 0 232555364 180568 160635425 188924 232555364 180568 0 0 0 0 160635425 188924 0 0 0 0
73 lo 0x0 2000 1 0 0 0 0 0 0 0 0 0 0 0 0 0 0 0 0
74 lo 0x0 10021 0 327344 5674 10509263 4285 327344 5674 0 0 0 0 10509263 4285 0 0 0 0
75 lo 0x0 10021 1 1625117 28128 63367833 21171 1625117 28128 0 0 0 0 63367833 21171 0 0 0 0
76 lo 0x0 10431 0 914 10 1602 14 914 10 0 0 0 0 1602 14 0 0 0 0
77 lo 0x0 10431 1 0 0 0 0 0 0 0 0 0 0 0 0 0 0 0 0

