v1,1514021582,1514107982
xt
c,wifi,-1,all,0
d,3600
b,1514023200,53427,196,28119,257,0
b,1514026800,53427,195,28119,257,0
b,1514030400,53427,195,28119,257,0
b,1514034000,53427,195,28119,257,0
b,1514037600,42100,159,22891,216,0
b,1514041200,10046,54,8093,96,0
b,1514044800,10046,54,8093,96,0
b,1514048400,10045,53,8092,96,0
b,1514052000,10045,53,8092,96,0
b,1514055600,10045,53,8092,95,0
b,1514059200,25556,97,10039,116,0
b,1514062800,77079,240,16500,185,0
b,1514066400,77079,240,16500,184,0
b,1514070000,77079,239,16499,184,0
b,1514073600,77079,239,16499,184,0
b,1514077200,77079,239,16499,184,0
b,1514080800,77079,239,16499,184,0
b,1514084400,77079,239,16499,184,0
b,1514088000,77079,239,16499,184,0
b,1514091600,77079,239,16499,184,0
b,1514095200,77079,239,16499,184,0
b,1514098800,295644,1593,79916,662,0
b,1514102400,26500926,22258,1591267,16065,0
[dumpsys: 0.037s elapsed]

