idx iface acct_tag_hex uid_tag_int cnt_set rx_bytes rx_packets tx_bytes tx_packets rx_tcp_bytes rx_tcp_packets rx_udp_bytes rx_udp_packets rx_other_bytes rx_other_packets tx_tcp_bytes tx_tcp_packets tx_udp_bytes tx_udp_packets tx_other_bytes tx_other_packets
2 wlan0 0x0 0 0 1488265 14536 153526 2250 200154 1758 1285707 12766 2404 12 121026 1862 19951 314 12549 74
3 wlan0 0x0 0 1 0 0 0 0 0 0 0 0 0 0 0 0 0 0 0 0
4 wlan0 0x0 1000 0 37898 91 23949 138 37898 91 0 0 0 0 23645 134 304 4 0 0
5 wlan0 0x0 1000 1 0 0 0 0 0 0 0 0 0 0 0 0 0 0 0 0
6 wlan0 0x0 2000 0 228 3 380 5 0 0 228 3 0 0 0 0 380 5 0 0
7 wlan0 0x0 2000 1 0 0 0 0 0 0 0 0 0 0 0 0 0 0 0 0
8 wlan0 0x0 10010 0 110730 300 64951 398 110206 298 524 2 0 0 64801 397 150 1 0 0
9 wlan0 0x0 10010 1 1043096 982 110424 1099 1043096 982 0 0 0 0 110124 1097 300 2 0 0
10 wlan0 0x0 10014 0 2998 33 4070 64 2998 33 0 0 0 0 4070 64 0 0 0 0
11 wlan0 0x0 10014 1 0 0 0 0 0 0 0 0 0 0 0 0 0 0 0 0
12 wlan0 0x0 10020 0 3773 34 6673 44 3773 34 0 0 0 0 6673 44 0 0 0 0
13 wlan0 0x0 10020 1 0 0 0 0 0 0 0 0 0 0 0 0 0 0 0 0
14 wlan0 0x0 10046 0 606 11 5072 19 606 11 0 0 0 0 5072 19 0 0 0 0
15 wlan0 0x0 10046 1 0 0 0 0 0 0 0 0 0 0 0 0 0 0 0 0
16 wlan0 0x0 10081 0 1102 6 714 8 1102 6 0 0 0 0 714 8 0 0 0 0
17 wlan0 0x0 10081 1 0 0 0 0 0 0 0 0 0 0 0 0 0 0 0 0
18 wlan0 0x0 10088 0 41966 47 18304 60 41966 47 0 0 0 0 18304 60 0 0 0 0
19 wlan0 0x0 10088 1 0 0 0 0 0 0 0 0 0 0 0 0 0 0 0 0
20 wlan0 0x0 10090 0 6747 25 6027 36 6747 25 0 0 0 0 6027 36 0 0 0 0
21 wlan0 0x0 10090 1 0 0 0 0 0 0 0 0 0 0 0 0 0 0 0 0
22 wlan0 0x0 10094 0 2854 21 7370 41 2854 21 0 0 0 0 7370 41 0 0 0 0
23 wlan0 0x0 10094 1 0 0 0 0 0 0 0 0 0 0 0 0 0 0 0 0
24 wlan0 0x0 10102 0 15755 67 22158 108 15755 67 0 0 0 0 22158 108 0 0 0 0
25 wlan0 0x0 10102 1 0 0 0 0 0 0 0 0 0 0 0 0 0 0 0 0
26 wlan0 0x0 10114 0 3369 17 4420 26 3369 17 0 0 0 0 4420 26 0 0 0 0
27 wlan0 0x0 10114 1 0 0 0 0 0 0 0 0 0 0 0 0 0 0 0 0
28 wlan0 0x0 10115 0 21162 355 115905 593 21162 355 0 0 0 0 115905 593 0 0 0 0
29 wlan0 0x0 10115 1 41811 764 247356 1307 41811 764 0 0 0 0 247356 1307 0 0 0 0
30 wlan0 0x0 10121 0 1044 4 547 6 1044 4 0 0 0 0 547 6 0 0 0 0
31 wlan0 0x0 10121 1 0 0 0 0 0 0 0 0 0 0 0 0 0 0 0 0
32 wlan0 0x0 10134 0 15788 107 19583 145 15788 107 0 0 0 0 19583 145 0 0 0 0
33 wlan0 0x0 10134 1 66211 242 88551 346 66211 242 0 0 0 0 88551 346 0 0 0 0
34 wlan0 0x0 10140 0 264326 351 47525 416 264326 351 0 0 0 0 47525 416 0 0 0 0
35 wlan0 0x0 10140 1 14064815 10700 889465 9615 14064815 10700 0 0 0 0 889465 9615 0 0 0 0
36 wlan0 0xa00400000000 10010 0 6736 12 2300 15 6736 12 0 0 0 0 2300 15 0 0 0 0
37 wlan0 0xa00400000000 10010 1 0 0 0 0 0 0 0 0 0 0 0 0 0 0 0 0
38 wlan0 0xa00400000000 10114 0 1019 5 1165 7 1019 5 0 0 0 0 1165 7 0 0 0 0
39 wlan0 0xa00400000000 10114 1 0 0 0 0 0 0 0 0 0 0 0 0 0 0 0 0
40 wlan0 0x241f9d2100000000 10140 0 28166 36 10971 45 28166 36 0 0 0 0 10971 45 0 0 0 0
41 wlan0 0x241f9d2100000000 10140 1 55755 108 49754 167 55755 108 0 0 0 0 49754 167 0 0 0 0
42 wlan0 0x3e7023b700000000 10010 0 0 0 0 0 0 0 0 0 0 0 0 0 0 0 0 0
43 wlan0 0x3e7023b700000000 10010 1 442953 298 10232 193 442953 298 0 0 0 0 10232 193 0 0 0 0
44 wlan0 0x72e7103400000000 10010 0 0 0 0 0 0 0 0 0 0 0 0 0 0 0 0 0
45 wlan0 0x72e7103400000000 10010 1 26411 20 1296 21 26411 20 0 0 0 0 1296 21 0 0 0 0
46 wlan0 0x73b0e70100000000 10010 0 200 5 236 5 200 5 0 0 0 0 236 5 0 0 0 0
47 wlan0 0x73b0e70100000000 10010 1 37496 40 2315 41 37496 40 0 0 0 0 2315 41 0 0 0 0
48 wlan0 0x8940ae9700000000 10010 0 26758 49 1696 34 26758 49 0 0 0 0 1696 34 0 0 0 0
49 wlan0 0x8940ae9700000000 10010 1 487867 428 29745 504 487867 428 0 0 0 0 29745 504 0 0 0 0
50 wlan0 0x9e64177700000000 10010 0 3995 6 700 8 3995 6 0 0 0 0 700 8 0 0 0 0
51 wlan0 0x9e64177700000000 10010 1 0 0 0 0 0 0 0 0 0 0 0 0 0 0 0 0
52 wlan0 0xa6b476e900000000 1000 0 28963 53 13946 76 28963 53 0 0 0 0 13946 76 0 0 0 0
53 wlan0 0xa6b476e900000000 1000 1 0 0 0 0 0 0 0 0 0 0 0 0 0 0 0 0
54 wlan0 0xbb1dfe4100000000 10140 0 2506 6 2256 8 2506 6 0 0 0 0 2256 8 0 0 0 0
55 wlan0 0xbb1dfe4100000000 10140 1 266747 328 109570 368 266747 328 0 0 0 0 109570 368 0 0 0 0
56 wlan0 0xc664926c00000000 10010 0 156 3 168 3 156 3 0 0 0 0 168 3 0 0 0 0
57 wlan0 0xc664926c00000000 10010 1 1457 8 3576 19 1457 8 0 0 0 0 3576 19 0 0 0 0
58 wlan0 0xca5829cb00000000 10010 0 5587 9 3542 14 5587 9 0 0 0 0 3542 14 0 0 0 0
59 wlan0 0xca5829cb00000000 10010 1 0 0 0 0 0 0 0 0 0 0 0 0 0 0 0 0
60 wlan0 0xcc68510400000000 10140 0 1454 10 2495 10 1454 10 0 0 0 0 2495 10 0 0 0 0
61 wlan0 0xcc68510400000000 10140 1 1858 18 5708 30 1858 18 0 0 0 0 5708 30 0 0 0 0
62 wlan0 0xd9d29b0a00000000 10088 0 37662 36 16496 44 37662 36 0 0 0 0 16496 44 0 0 0 0
63 wlan0 0xd9d29b0a00000000 10088 1 0 0 0 0 0 0 0 0 0 0 0 0 0 0 0 0
64 wlan0 0xeba3be1100000000 10010 0 639 7 1355 15 639 7 0 0 0 0 1355 15 0 0 0 0
65 wlan0 0xeba3be1100000000 10010 1 511 5 984 7 511 5 0 0 0 0 984 7 0 0 0 0
66 wlan0 0xfbd4c44c00000000 10140 0 0 0 0 0 0 0 0 0 0 0 0 0 0 0 0 0
67 wlan0 0xfbd4c44c00000000 10140 1 63878 95 10754 133 63878 95 0 0 0 0 10754 133 0 0 0 0
68 p2p0 0x0 0 0 0 0 216 3 0 0 0 0 0 0 0 0 0 0 216 3
69 p2p0 0x0 0 1 0 0 0 0 0 0 0 0 0 0 0 0 0 0 0 0
70 lo 0x0 0 0 8409 104 7960 105 1505 20 2728 40 4176 44 968 20 2728 40 4264 45
71 lo 0x0 0 1 0 0 0 0 0 0 0 0 0 0 0 0 0 0 0 0
72 lo 0x0 1021 0 40 1 60 1 40 1 0 0 0 0 60 1 0 0 0 0
73 lo 0x0 1021 1 0 0 0 0 0 0 0 0 0 0 0 0 0 0 0 0
74 lo 0x0 2000 0 49620314 133496 49619171 133495 49620314 133496 0 0 0 0 49619171 133495 0 0 0 0
75 lo 0x0 2000 1 0 0 0 0 0 0 0 0 0 0 0 0 0 0 0 0
76 lo 0x0 10014 0 88 1 0 0 0 0 0 0 88 1 0 0 0 0 0 0
77 lo 0x0 10014 1 0 0 0 0 0 0 0 0 0 0 0 0 0 0 0 0
78 lo 0x0 10131 0 5116 83 6776 84 5116 83 0 0 0 0 6776 84 0 0 0 0
79 lo 0x0 10131 1 0 0 0 0 0 0 0 0 0 0 0 0 0 0 0 0

